%YAML:1.0
---
intrinsics_left: !!opencv-matrix
   rows: 3
   cols: 3
   dt: d
   data: [ 6.6001269136574888e+02, 0., 3.1664116609221276e+02, 0.,
       6.6002683924253938e+02, 2.1464570978046871e+02, 0., 0., 1. ]
distortion_left: !!opencv-matrix
   rows: 5
   cols: 1
   dt: d
   data: [ -2.7552701647722666e-01, -3.6621721777465332e-03,
           -4.6372410857317090e-04, 5.8940421676872176e-04,
            2.6984434264934010e-01 ]
intrinsics_right: !!opencv-matrix
   rows: 3
   cols: 3
   dt: d
   data: [ 6.6595403293025663e+02, 0., 3.2538531723964729e+02, 0.,
       6.6592227712463125e+02, 2.4515005439167476e+02, 0., 0., 1. ]
distortion_right: !!opencv-matrix
   rows: 5
   cols: 1
   dt: d
   data: [ -2.9083031103223794e-01, 5.9734182976505554e-02,
            1.2971215684802987e-03, 2.0082152141218269e-03, 
            2.2093624306968046e-01 ] 
R_left  : !!opencv-matrix
   rows: 3
   cols: 3
   dt: d
   data: [ 9.9999198400116984e-01, -1.5859947846076927e-03, 3.6764866309322301e-03, 
           1.5873595156536216e-03, 9.9999867231530160e-01, -3.6831698598258040e-04, 
           -3.6758976008983424e-03, 3.7414993959187652e-04, 9.9999317387102726e-01 ]
R_right : !!opencv-matrix
   rows: 3
   cols: 3
   dt: d
   data: [ 9.9996120959034485e-01, 4.1183288530515175e-03, 7.7858000277952408e-03,
           -4.1212189525896767e-03, 9.9999144465918577e-01, 3.5519400238456057e-04,
           -7.7842706119140483e-03, -3.8726721089928274e-04, 9.9996962711631798e-01 ]
P_left  : !!opencv-matrix
   rows: 3
   cols: 4
   dt: d
   data: [ 6.8398537578806577e+02, 0., 3.1770287704467773e+02, 0.,
           0., 6.8398537578806577e+02, 2.2963968467712402e+02, 0.,
           0., 0., 1., 0. ]
P_right : !!opencv-matrix
   rows: 3
   cols: 4
   dt: d
   data: [ 6.8398537578806577e+02, 0., 3.1770287704467773e+02, -1.2404990177535358e+02,
           0., 6.8398537578806577e+02, 2.2963968467712402e+02, 0.,
           0., 0., 1., 0. ]
Q       : !!opencv-matrix
   rows: 4
   cols: 4
   dt: d
   data: [ 1., 0., 0., -3.1770287704467773e+02,
           0., 1., 0., -2.2963968467712402e+02, 
           0., 0., 0., 6.8398537578806577e+02,
           0., 0., 5.5137921594385420e+00, 0 ]
R       : !!opencv-matrix
   rows: 3
   cols: 3
   dt: d
   data: [ 9.9997526622800492e-01, -5.7100592285120686e-03, -4.1063555420275703e-03,
           5.7070653303978921e-03,  9.9998344044176035e-01, -7.4043742129889100e-04,
           4.1105154841244397e-03, 7.1698386814036149e-04, 9.9999129476040316e-01 ]

T       : !!opencv-matrix
   rows: 3
   cols: 1
   dt: d
   data: [ -1.8135634798613237e-01, -7.4691405369788902e-04, -1.4120590335415899e-03 ]
