# [c_x, c_y]
cc: [322.915672154391, 237.875563659726]
cc_error: [1.66718577498622, 1.04037422735776]
# [f_x, f_y]
fc: [669.112518772497, 669.112518772497]
fc_error: [0.749538479813855, 0.749538479813855]
# [k1, k2, p1, p2]
kc: [-0.294302885661068, 0.134617946876130, 0.00163493175281559, 0.00115996990311088, 0]
kc_error: [0.00520412274634326, 0.0214608215226562, 0.000303439077387338, 0.000251402744226692, 0]
