# rodrigues(om)
om: [0.000967967186118265, 0.00607381020710316, -0.00536940115155761]
om_error: [0.00200534000170250, 0.00323331402358377, 0.000158651309278787]
# translation
T: [181.064930059223, -0.334829199463774, 0.709253175840109]
T_error: [0.239458369348428, 0.222166794026723, 1.22599058812979]