# [c_x, c_y]
cc: [308.838520931709, 212.190529984506]
cc_error: [1.52851120406885, 1.05893383340455]
# [f_x, f_y]
fc: [664.041859613180, 664.041859613180]
fc_error: [0.748105603221021, 0.748105603221021]
# [k1, k2, p1, p2]
kc: [-0.281506328176767, 0.101417778979209, 0.000377579837005230, -0.00104803373987073, 0]
kc_error: [0.00508546269250045, 0.0156281400699426, 0.000289057041317086, 0.000324336664238097, 0]