<?xml version="1.0"?>
<launch>
  <!--<include file="$(find rawseeds_ros)/launch/transforms.launch" />-->

  <node name="rawseeds_ros_stereo_matcher" pkg="rawseeds_ros" type="rawseeds_ros_stereo_matcher_node" respawn="true" output="screen" clear_params="true">
        <rosparam param="K_left">
        [ 6.6001269136574888e+02, 0., 3.1664116609221276e+02, 
          0., 6.6002683924253938e+02, 2.1464570978046871e+02, 
          0., 0., 1. ]
        </rosparam>
        <rosparam param="D_left">
        [ -2.7552701647722666e-01, -3.6621721777465332e-03,
          -4.6372410857317090e-04, 5.8940421676872176e-04,
           2.6984434264934010e-01 ]
        </rosparam>
        <rosparam param="R_left">
        [ 9.9999198400116984e-01, -1.5859947846076927e-03,
          3.6764866309322301e-03, 1.5873595156536216e-03,
          9.9999867231530160e-01, -3.6831698598258040e-04,
         -3.6758976008983424e-03, 3.7414993959187652e-04,
          9.9999317387102726e-01 ]
        </rosparam>
        <rosparam param="P_left">
        [ 5.9323512712527406e+02, 0., 3.1766655731201172e+02, 0., 0.,
          5.9323512712527406e+02, 2.2962502288818359e+02, 0., 0., 0., 1.,
          0. ]
        </rosparam>
        <rosparam param="K_right">
        [ 6.6595403293025663e+02, 0., 3.2538531723964729e+02, 
          0., 6.6592227712463125e+02, 2.4515005439167476e+02, 
          0., 0., 1. ]
        </rosparam>
        <rosparam param="D_right">
        [ -2.9083031103223794e-01, 5.9734182976505554e-02,
           1.2971215684802987e-03, 2.0082152141218269e-03,
           2.2093624306968046e-01 ]
        </rosparam>
        <rosparam param="R_right">
        [ 9.9996120959034485e-01, 4.1183288530515175e-03,
          7.7858000277952408e-03, -4.1212189525896767e-03,
          9.9999144465918577e-01, 3.5519400238456057e-04,
         -7.7842706119140483e-03, -3.8726721089928274e-04,
          9.9996962711631798e-01 ]
        </rosparam>
        <rosparam param="P_right">
        [ 5.9323512712527406e+02, 0., 3.1766655731201172e+02,
         -1.0759112965652336e+02, 0., 5.9323512712527406e+02,
          2.2962502288818359e+02, 0., 0., 0., 1., 0. ]
        </rosparam>
        <rosparam param="Q">
        [ 1., 0., 0., -3.1766655731201172e+02, 
          0., 1., 0., -2.2962502288818359e+02, 
          0., 0., 0., 5.9323512712527406e+02, 
          0., 0., 5.5137921594385420e+00, 0. ]
        </rosparam>
        <rosparam param="R">
        [ 9.9997526622800492e-01, -5.7100592285120686e-03, -4.1063555420275703e-03, 
          5.7070653303978921e-03,  9.9998344044176035e-01, -7.4043742129889100e-04,
          4.1105154841244397e-03, 7.1698386814036149e-04, 9.9999129476040316e-01 ]
        </rosparam>
        <rosparam param="T">
            [ -1.8135634798613237e-01, -7.4691405369788902e-04, -1.4120590335415899e-03 ]
        </rosparam>
         <rosparam param="S">
            [640, 480]
        </rosparam>
        <param name="debug" value="false" />
        <param name="matcher_type" value="SGBM" />
        <param name="use_wls_filter" value="false" />
        <param name="wls_lambda" value="8000.0" />
        <param name="wls_sigma" value ="2.0" />
        <param name="rate" value="10.0" />
        <param name="max_depth" value="25.0" />
	<param name="block_size" value="7" />

  </node>
  <node name="rawseeds_ros_pointcloud_filter_node" pkg="rawseeds_ros" type="rawseeds_ros_pointcloud_filter_node" output="screen" respawn="true" >
  	<param name="volume/min/y" value="-5.0" />
        <param name="volume/max/y" value="+5.0" />
  </node>
</launch>
